7.9423828125
60.3916015625
5.853515625
12.9755859375
13.216796875
53.8642578125
44.52734375
42.33984375
241.2431640625
44.09375
29.6796875
171.6435546875
30.763671875
35.7275390625
79.2255859375
45.80859375
123.9375
33.57421875
40.5546875
85.09375
12.7294921875
16.7958984375
35.0703125
44.74609375
14.2509765625
115.921875
13.6298828125
12.3525390625
42.9736328125
36.263671875
46.7138671875
19.9736328125
163.0390625
29.4951171875
18.8955078125
24.01171875
23.7158203125
42.4384765625
6.9501953125
46.576171875
7.484375
54.4169921875
26.154296875
75.0546875
15.0361328125
133.939453125
4.01953125
113.177734375
15.14453125
33.359375
22.0107421875
24.0732421875
19.1494140625
8.462890625
4.80078125
10.77734375
222.32421875
16.2802734375
24.0703125
11.6181640625
1.65625
28.443359375
51.357421875
48.7265625
45.537109375
22.232421875
22.68359375
33.611328125
22.1533203125
36.81640625
32.197265625
12.4921875
10.41796875
5.0654296875
12.0576171875
17.326171875
70.0380859375
3.548828125
23.8515625
24.494140625
51.0263671875
40.25390625
3.2841796875
32.5986328125
33.16796875
39.5263671875
30.498046875
37.5634765625
42.7587890625
37.5810546875
419.19140625
18.037109375
25.544921875
5.3125
68.0439453125
4.18359375
47.111328125
62.16796875
14.6865234375
4.9609375
61.255859375
41.224609375
29.6884765625
78.671875
27.107421875
8.630859375
28.2890625
16.01953125
78.42578125
32.37109375
28.70703125
28.759765625
71.587890625
102.9306640625
30.5771484375
66.412109375
64.56640625
26.01171875
8.3916015625
6.8623046875
40.693359375
38.30859375
23.1982421875
18.4296875
156.439453125
30.634765625
36.33984375
8.6953125
24.693359375
22.580078125
368.5810546875
31.62890625
42.9931640625
120.6328125
5.9345703125
35.5263671875
10.1103515625
9.0869140625
15.833984375
38.703125
7.533203125
25.3271484375
12.900390625
166.65625
33.8720703125
90.5224609375
2.32421875
12.83203125
81.896484375
19.783203125
41.96875
58.8720703125
43.4755859375
5.6728515625
33.6484375
56.1826171875
37.6455078125
72.9267578125
22.23046875
29.4755859375
57.3701171875
37.6259765625
134.5341796875
55.861328125
26.828125
2.1259765625
45.6845703125
206.37109375
62.7939453125
42.1162109375
32.8427734375
55.2529296875
33.140625
12.474609375
2.4912109375
53.7470703125
43.541015625
246.890625
48.517578125
2.4345703125
3.654296875
56.4970703125
29.6416015625
59.2275390625
8.337890625
14.619140625
72.5498046875
13.12109375
144.791015625
29.2880859375
42.0966796875
31.013671875
44.21875
20.033203125
36.5458984375
68.7080078125
32.275390625
46.9833984375
17.3720703125
269.6123046875
80.0556640625
17.740234375
11.2490234375
75.8359375
45.8271484375
10.2373046875
55.3154296875
34.4033203125
2.9873046875
7.048828125
17.5537109375
7.2705078125
75.318359375
32.314453125
16.634765625
51.4501953125
31.2109375
23.79296875
14.1611328125
23.05078125
38.955078125
28.8349609375
6.8759765625
53.1142578125
71.7822265625
10.28515625
10.96484375
74.6015625
36.6005859375
43.3291015625
37.9189453125
20.294921875
4.5390625
36.5048828125
38.4697265625
16.9873046875
6.4375
33.728515625
31.798828125
18.6123046875
26.9013671875
112.6767578125
7.7978515625
69.9384765625
33.7724609375
24.7998046875
30.6884765625
19.365234375
17.583984375
22.7822265625
3.32421875
10.0263671875
50.76953125
29.0234375
100.83203125
2.4951171875
47.6689453125
50.009765625
41.9580078125
97.146484375
58.01171875
66.5361328125
7.3369140625
38.1083984375
196.0439453125
35.2685546875
32.5498046875
16.6376953125
37.78515625
14.8681640625
23.7607421875
36.2236328125
32.5390625
14.986328125
39.4560546875
14.9189453125
10.4111328125
11.6279296875
6.04296875
24.037109375
126.1064453125
32.33203125
42.5703125
23.306640625
20.533203125
16.908203125
33.32421875
28.9462890625
22.69921875
13.2509765625
34.2578125
7.5859375
33.6650390625
22.09375
77.2177734375
68.1357421875
8.5947265625
23.9853515625
51.4443359375
16.193359375
13.5439453125
1.7734375
33.4775390625
26.8134765625
33.53515625
9.48046875
40.6591796875
7.908203125
6.8779296875
42.4814453125
228.125
29.96875
4.333984375
8.4462890625
28.3701171875
36.205078125
40.923828125
15.4853515625
174.87890625
17.7880859375
3.2919921875
22.2470703125
25.314453125
30.9228515625
17.7080078125
25.95703125
3.7919921875
3.146484375
51.626953125
51.611328125
44.3974609375
31.15234375
41.8212890625
38.4296875
23.58203125
28.1318359375
13.62109375
54.8203125
34.86328125
57.736328125
3.21484375
42.06640625
38.7802734375
38.98828125
15.01171875
70.1357421875
38.4033203125
83.9892578125
17.59765625
24.4384765625
15.9091796875
61.27734375
41.734375
28.6728515625
25.8173828125
20.6240234375
50.7490234375
60.400390625
15.923828125
37.2158203125
2329.6533203125
47.52734375
51.83203125
10.0517578125
27.0712890625
40.884765625
67.3544921875
52.69921875
9.8505859375
59.109375
28.1904296875
8.92578125
28.5947265625
88.4853515625
33.765625
32.3505859375
19.701171875
29.84765625
28.9658203125
3.3818359375
8.6171875
46.7021484375
140.3466796875
49.74609375
59.6923828125
8.4765625
45.4658203125
35.2314453125
21.046875
32.4794921875
23.4736328125
24.8125
16.955078125
32.1982421875
45.4560546875
62.0634765625
17.076171875
38.6435546875
48.8291015625
61.55859375
22.197265625
33.73046875
82.91015625
2.5712890625
37.482421875
16.90234375
34.5078125
27.7578125
32.53125
4.353515625
36.5234375
14.6279296875
39.3994140625
100.37890625
4516.0947265625
32.27734375
12.64453125
202.705078125
5.072265625
3.462890625
97.857421875
17.5703125
30.904296875
71.302734375
22.8974609375
17.2421875
89.732421875
68.41015625
35.828125
36.6259765625
45.07421875
2.08203125
3.8876953125
8.4541015625
102.2529296875
30.3544921875
10.5908203125
99.9443359375
23.5576171875
9.44140625
11.83984375
2.9873046875
38.263671875
3.06640625
6.4384765625
27.599609375
317.9033203125
7.7724609375
2.46875
9.6533203125
30.369140625
101.26953125
126.498046875
56.40234375
11.4052734375
9.8095703125
3.1240234375
36.580078125
17.6513671875
35.2099609375
32.634765625
10.91796875
26.6552734375
150.197265625
13.318359375
40.9453125
6.5732421875
24.91796875
27.6181640625
41.5185546875
2.556640625
6.0966796875
26.2392578125
44.25
64.2685546875
28.5009765625
33.9765625
42.6923828125
104.642578125
157.5341796875
1.935546875
145.1689453125
87.392578125
20.7568359375
6.7158203125
410.24609375
98.6591796875
64.69140625
58.84765625
6.166015625
19.0830078125
119.01171875
1.9130859375
5.0908203125
16.83984375
87.8232421875
3.7333984375
76.689453125
10.361328125
5.224609375
1.546875
22.595703125
19.419921875
23.033203125
15.8154296875
161.8134765625
12.2197265625
31.4130859375
44.7900390625
3.2568359375
82.197265625
105.826171875
15.7548828125
3.1318359375
97.21875
34.875
33.2568359375
16.2080078125
3.9013671875
5.765625
31.994140625
14.111328125
115.884765625
14.2607421875
21.1142578125
29.2529296875
2.958984375
23.2451171875
48.2626953125
7.7255859375
13.6796875
49.9345703125
15.4521484375
14.1337890625
7.458984375
94.6767578125
129.708984375
7.4208984375
29.5966796875
20.5400390625
144.078125
4.55078125
155.384765625
80.697265625
173.7998046875
23.0263671875
46.439453125
3.1728515625
3.2900390625
38.58203125
26.2373046875
13.72265625
33.3330078125
13.5009765625
1.998046875
142.3125
2.7578125
65.0361328125
401.19140625
68.787109375
7.1884765625
7.748046875
8.1875
4.7919921875
732.154296875
2.728515625
1.865234375
160.6025390625
4.3095703125
75.587890625
23.9970703125
118.7451171875
8.9013671875
9.708984375
8.298828125
24.3330078125
9.203125
9.2041015625
54.68359375
81.1103515625
5.0498046875
82.0537109375
25.20703125
48.189453125
4.63671875
12.6669921875
154.0869140625
19.841796875
332.005859375
117.1748046875
10.1650390625
21.263671875
27.763671875
35.8798828125
14.99609375
1.85546875
166.7216796875
137.1845703125
1013.3857421875
3.568359375
51.5302734375
21.875
10.6376953125
7.6826171875
167.0224609375
90.705078125
108.9677734375
74.1953125
11.939453125
3.453125
6.07421875
13.869140625
25.3095703125
6.06640625
17.2568359375
350.5205078125
7.7333984375
30.4091796875
173.873046875
2.9755859375
48.474609375
190.7939453125
15.5107421875
37.38671875
8.8681640625
10.8388671875
46.78125
27.2646484375
41.6484375
60.453125
9.5615234375
3.4072265625
668.720703125
173.833984375
10.939453125
220.1904296875
5.8544921875
8.171875
210.0009765625
15.203125
1.865234375
54.1396484375
73.05859375
17.4970703125
284.6357421875
9.140625
8.4853515625
73.4072265625
50.6103515625
14.6435546875
23.9697265625
21.513671875
150.4345703125
2.5302734375
19.71484375
3.6865234375
22.5205078125
98.81640625
4.5087890625
71.7841796875
81.9951171875
43.7978515625
3.3056640625
2.447265625
21.3974609375
11.12890625
3.5078125
9.20703125
19.3759765625
41.66015625
7.9013671875
24.4033203125
7.51171875
82.4853515625
11.724609375
99.8857421875
1.5634765625
90.1103515625
2.291015625
15.9755859375
17.0498046875
30.5517578125
24.0615234375
2.5732421875
5.3408203125
1.7412109375
15.1142578125
60.0927734375
6.216796875
79.6982421875
3.01953125
182.703125
12.203125
55.0146484375
20.3125
88.166015625
49.3955078125
19.1767578125
20.6923828125
3.1357421875
33.4560546875
16.2783203125
4.021484375
121.5830078125
31.349609375
2.6201171875
107.791015625
5.7763671875
4.2138671875
14.4560546875
17.654296875
10.369140625
38.75390625
1.9521484375
27.208984375
50.2587890625
28.71484375
37.572265625
225.6455078125
18.2880859375
13.9716796875
3.8876953125
114.28125
18.3271484375
55.8486328125
7.548828125
5.4541015625
34.8671875
30.3310546875
106.39453125
42.8671875
11.1552734375
144.3173828125
23.9638671875
30.6845703125
58.826171875
20.74609375
2.833984375
3.9150390625
10.1640625
3.0078125
79.078125
60.46484375
3.23828125
12.1767578125
3.017578125
18.26171875
16.2890625
17.18359375
13.7353515625
40.14453125
26.5126953125
39.7802734375
22.171875
65.7236328125
10.4970703125
12.8359375
101.4814453125
144.4189453125
9.384765625
4.11328125
13.1328125
53.912109375
4.5380859375
5.974609375
38.4267578125
9.767578125
1.537109375
86.869140625
97.90625
12.66796875
3.0087890625
18.2607421875
5.326171875
3.13671875
2.5
140.513671875
104.7705078125
28.8603515625
49.1142578125
37.3115234375
3.5712890625
28.5439453125
21.40625
38.298828125
6.30078125
15.0341796875
24.984375
31.310546875
5.0263671875
133.78125
5.125
36.81640625
44.4404296875
33.0966796875
9.6142578125
146.958984375
134.8291015625
12.4208984375
11.5146484375
447.109375
27.431640625
761.12890625
3.1162109375
294.4306640625
61.2421875
7.7509765625
12.154296875
1.533203125
111.08984375
9.60546875
700.2744140625
73.8505859375
10.7412109375
28.9248046875
37.9619140625
10.8349609375
1.73828125
10.5556640625
12.1728515625
69.8359375
36.9658203125
7.3115234375
1.904296875
4.423828125
4.619140625
28.271484375
3.4580078125
3.6240234375
320.1748046875
10.4267578125
6.5625
26.4697265625
10.5966796875
10.82421875
19.013671875
13.953125
13.017578125
7.9716796875
4.28125
20.28125
311.84765625
30.65234375
38.6142578125
11.2470703125
8.6650390625
51.314453125
11.2421875
12.849609375
22.31640625
18.494140625
14.25
264.796875
4.2783203125
13.1015625
106.0869140625
7.37890625
29.15234375
14.0634765625
16.7412109375
15.830078125
37.1298828125
10.748046875
12.5322265625
36.2021484375
41.626953125
35.4765625
9.2890625
28.7265625
9.45703125
13.9677734375
2.548828125
8.326171875
196.552734375
2.4306640625
24.716796875
1144.5869140625
614.322265625
3.4931640625
39.4208984375
5.228515625
62.0283203125
6.126953125
59.970703125
29.388671875
35.484375
77.8408203125
6.5537109375
8.9755859375
15.1865234375
29.0546875
8.744140625
11.177734375
12.416015625
53.0654296875
2.3671875
9.4169921875
130.271484375
2.15625
48.865234375
8.22265625
5.1748046875
74.1298828125
6.880859375
2.837890625
26.580078125
228.2001953125
12.908203125
30.8955078125
64.8115234375
135.5537109375
21.181640625
10.111328125
1.6328125
40.1884765625
13.248046875
197.2744140625
23.3203125
86.8759765625
3.7734375
46.09765625
86.9599609375
27.6201171875
3.3505859375
14.12890625
18.1357421875
113.87109375
16.5205078125
48.0810546875
25.5380859375
22.2275390625
5.45703125
24.279296875
7.5576171875
3.974609375
4.232421875
14.6396484375
18.0791015625
713.2861328125
6.7265625
2.4794921875
2.6796875
8.125
1.6923828125
59.4482421875
13.830078125
24.55078125
12.345703125
51.8583984375
8.1083984375
159.44140625
25.2119140625
3.76953125
194.19140625
8.986328125
2.6474609375
31.0322265625
17.6728515625
1.1181640625
40.2900390625
9.0185546875
22.453125
9.2919921875
9.6630859375
12.79296875
152.412109375
52.1416015625
93.8271484375
83.5419921875
7.08984375
23.466796875
2.7119140625
2.013671875
1.4130859375
63.22265625
27.0390625
3.078125
3.5712890625
18.75390625
3.228515625
36.72265625
616.689453125
8.30078125
11.271484375
2.4951171875
296.263671875
26.626953125
31.740234375
6.4228515625
9.8681640625
37.0947265625
31.072265625
48.7216796875
8.1904296875
74.7900390625
76.6533203125
46.6826171875
19.2412109375
2.2861328125
4.5908203125
4.0009765625
36.8291015625
22.15625
282.80078125
17.5986328125
7.0732421875
26.0810546875
24.1201171875
2.98046875
132.5048828125
31.4443359375
7.5322265625
6.6171875
9.3232421875
45.3017578125
10.7578125
24.4306640625
26.921875
14.412109375
2.89453125
45.5703125
4.2392578125
26.9140625
4.0419921875
57.955078125
54.119140625
64.400390625
1.697265625
23.40625
537.0400390625
1.423828125
6.33984375
5.0009765625
6.2314453125
31.076171875
10.2041015625
2.880859375
2.15625
27.517578125
5.388671875
1256.06640625
75.4833984375
21.2880859375
15.5595703125
3.13671875
91.4443359375
21.3681640625
2.4287109375
6.2841796875
14.109375
28.1611328125
25.6396484375
43.6298828125
2.8603515625
757.2744140625
4.125
29.59765625
82.4755859375
108.6201171875
13.6796875
5.275390625
25.005859375
11.658203125
422.5390625
182.4462890625
111.31640625
394.041015625
25.91796875
17.33984375
52.6220703125
9.27734375
22.0166015625
54.740234375
99.0439453125
32.724609375
24.0361328125
84.5791015625
40.98828125
15.703125
11.7978515625
27.5595703125
34.5107421875
150.0263671875
9.90625
87.056640625
77.3671875
54.09765625
179.9990234375
20.5947265625
10.5673828125
13.8369140625
94.5400390625
44.6083984375
38.705078125
12.4453125
82.4287109375
35.7275390625
25.1953125
2.50390625
32.0634765625
9.7421875
69.91796875
73.91015625
55.61328125
32.859375
47.7236328125
87.646484375
76.3974609375
30.7509765625
47.0712890625
40.572265625
74.2646484375
39.216796875
27.8837890625
21.259765625
46.0966796875
22.810546875
147.2548828125
95.88671875
21.466796875
30.7734375
15.2109375
9.7666015625
25.7724609375
64.365234375
62.5361328125
20.84765625
16.7939453125
16.1533203125
39.1357421875
35.0
27.5625
39.97265625
13.14453125
11.615234375
6.2763671875
39.0546875
35.3486328125
60.998046875
28.48046875
9.8974609375
13.576171875
77.2568359375
62.4716796875
31.0751953125
95.9765625
36.7412109375
30.8291015625
37.5927734375
49.951171875
28.4462890625
23.49609375
41.310546875
4.1689453125
11.1044921875
14.560546875
59.6796875
86.3310546875
63.623046875
6.3232421875
122.49609375
31.0419921875
4.2822265625
9.6884765625
42.62890625
13.9462890625
40.0810546875
2.69140625
227.9208984375
35.88671875
33.29296875
29.55078125
44.6884765625
27.54296875
46.5732421875
32.8544921875
15.146484375
46.34765625
49.578125
6.353515625
38.8681640625
6.42578125
31.4033203125
16.5068359375
12.5869140625
20.583984375
4.154296875
13.2392578125
37.5966796875
20.62109375
32.2734375
44.1328125
72.5166015625
5.791015625
27.7109375
5.9990234375
33.828125
15.517578125
6.4697265625
35.08203125
31.8515625
14.01171875
19.9580078125
173.1123046875
13.9599609375
7.5224609375
12.337890625
6.0498046875
22.3310546875
2.978515625
31.7529296875
11.484375
41.0576171875
51.8037109375
50.419921875
8.8564453125
46.6220703125
7.6142578125
191.892578125
42.271484375
171.322265625
35.0283203125
22.3818359375
40.798828125
191.666015625
25.46875
27.439453125
34.1416015625
2.0947265625
29.5498046875
14.1513671875
77.0927734375
37.0625
10.18359375
1.5888671875
8.56640625
6.5498046875
24.7607421875
41.5791015625
29.5009765625
19.66796875
30.6337890625
20.5263671875
9.2978515625
15.2197265625
8.6376953125
19.8125
11.4306640625
22.7529296875
16.5537109375
31.6650390625
36.7568359375
10.076171875
42.78125
3.9609375
49.638671875
33.73828125
1.943359375
12.40625
16.72265625
23.6376953125
57.51953125
43.087890625
40.4833984375
24.216796875
33.1328125
65.71484375
8.5888671875
12.140625
35.4765625
63.66796875
38.3759765625
44.2109375
102.234375
41.1318359375
33.9853515625
49.1123046875
22.5263671875
10.20703125
31.861328125
33.1005859375
38.47265625
5.6875
27.46875
28.6796875
16.0419921875
80.744140625
16.849609375
38.7607421875
119.990234375
75.75
23.783203125
27.9609375
82.5791015625
124.1416015625
19.587890625
133.416015625
7.44140625
51.716796875
41.359375
